```{r}
n<-100
lam<-2
h<-2
m<-5
k<-3
```
